1465346982 1 0 0 0 0 0
1465347698 2 0 0 0 0 0
1465692528 3 0 0 0 0 0
1465692748 4 0 0 0 0 0
1465694752 5 0 0 0 0 0
1465694863 6 0 0 0 0 0
1465712839 7 0 0 0 0 0
1465783511 8 0 0 0 0 0
1465784464 9 0 0 0 0 0
1465978212 10 0 0 0 0 0
1465979358 11 0 0 0 0 0
1466042356 12 0 0 0 0 0
1466043148 13 0 0 0 0 0
1466045991 14 0 0 0 0 0
1466048188 15 0 0 0 0 0
1466048341 16 0 0 0 0 0
1466067862 17 0 0 0 0 0
1466067978 18 0 0 0 0 0
1466123165 18 0 1 0 0 0
1466125480 19 0 1 0 0 0
1466125492 20 0 1 0 0 0
1466125510 21 0 1 0 0 0
1466125546 22 0 1 0 0 0
1466125566 23 0 1 0 0 0
1466126942 24 0 1 0 0 0
1466130660 25 0 1 0 0 0
1466130723 26 0 1 0 0 0
1466130784 27 0 1 0 0 0
1466130906 28 0 1 0 0 0
1466130987 29 0 1 0 0 0
1466142103 30 0 1 0 0 0
1466142517 31 0 1 0 0 0
1466142996 32 0 1 0 0 0
1466143120 33 0 1 0 0 0
1466143203 34 0 1 0 0 0
1466148169 35 0 1 0 0 0
1466148426 36 0 1 0 0 0
1466148670 37 0 1 0 0 0
1466148765 38 0 2 0 0 0
1466151237 39 0 2 0 0 0
1466151360 40 0 2 0 0 0
1466152683 41 0 2 0 0 0
1466152794 42 0 2 0 0 0
1466153954 43 0 2 0 0 0
1466154073 44 0 2 0 0 0
1466469295 45 0 2 0 0 0
1466470779 46 0 2 0 0 0
1466470951 47 0 2 0 0 0
1466471296 48 0 2 0 0 0
1466471358 49 0 2 0 0 0
1466471795 50 0 2 0 0 0
1466471994 51 0 2 0 0 0
1466472147 52 0 2 0 0 0
1466473558 53 0 2 0 0 0
1466473787 54 0 2 0 0 0
1466474521 55 0 2 0 0 0
1466474683 56 0 2 0 0 0
1466475237 57 0 2 0 0 0
1466475506 58 0 2 0 0 0
1466476224 59 0 2 0 0 0
1466476379 60 0 2 0 0 0
1466490809 61 0 2 0 0 0
1466492234 62 0 2 0 0 0
1466494918 63 0 2 0 0 0
1466495224 64 0 2 0 0 0
1466495441 65 0 2 0 0 0
1466496505 65 1 2 0 0 0
1466496616 66 1 2 0 0 0
1466496805 67 1 2 0 0 0
1466497390 68 1 2 0 0 0
1466497401 69 1 2 0 0 0
1466497412 70 1 2 0 0 0
1466497523 71 1 2 0 0 0
1466498010 72 1 2 0 0 0
1466577877 73 1 2 0 0 0
1466578466 74 1 2 0 0 0
1466579316 75 1 2 0 0 0
1466751872 75 1 2 1 0 0
1466752215 75 1 2 2 0 0
1466754850 76 1 2 2 0 0
1466754966 77 1 2 2 0 0
1466754981 77 1 2 3 0 0
1466757487 78 1 2 3 0 0
1466757638 79 1 2 3 0 0
1466758043 80 1 2 3 0 0
1466758061 81 1 2 3 0 0
1466758288 82 1 2 3 0 0
1466758483 82 1 2 4 0 0
1466990428 83 1 2 4 0 0
1466990454 84 1 2 4 0 0
1466990477 85 1 2 4 0 0
1466990493 86 1 2 4 0 0
1466990774 87 1 2 4 0 0
1466991387 88 1 2 4 0 0
1466991754 89 1 2 4 0 0
1466992047 90 1 2 4 0 0
1466992168 91 1 2 4 0 0
1466994950 91 1 2 5 0 0
1466995750 92 1 2 5 0 0
1466995822 93 1 2 5 0 0
1466995972 94 1 2 5 0 0
1466996055 95 1 2 5 0 0
1466996090 95 1 2 6 0 0
1466996260 96 1 2 6 0 0
1466996333 97 1 2 6 0 0
1466997640 97 1 2 7 0 0
1466999534 98 1 2 7 0 0
1467000050 99 1 2 7 0 0
1467005783 100 1 2 7 0 0
1467007529 101 1 2 7 0 0
1467007651 102 1 2 7 0 0
1467008164 102 1 2 8 0 0
1467008303 103 1 2 8 0 0
1467008343 104 1 2 8 0 0
1467008840 104 2 2 8 0 0
1467009024 104 3 2 8 0 0
1467009376 104 4 2 8 0 0
1467009597 104 5 2 8 0 0
1467010058 104 6 2 8 0 0
1467012322 105 6 2 8 0 0
1467012347 106 6 2 8 0 0
1467012463 107 6 2 8 0 0
1467012591 108 6 2 8 0 0
1467012740 109 6 2 8 0 0
1467013292 110 6 2 8 0 0
1467013383 111 6 2 8 0 0
1467013445 112 6 2 8 0 0
1467013870 112 7 2 8 0 0
1467014805 112 7 3 8 0 0
1467015068 113 7 3 8 0 0
1467015128 114 7 3 8 0 0
1467016151 115 7 3 8 0 0
1467016165 116 7 3 8 0 0
1467016195 117 7 3 8 0 0
1467016282 118 7 3 8 0 0
1467016575 118 8 3 8 0 0
1467017024 119 8 3 8 0 0
1467017092 120 8 3 8 0 0
1467017194 121 8 3 8 0 0
1467017291 121 9 3 8 0 0
1467019272 122 9 3 8 0 0
1467019782 123 9 3 8 0 0
1467074277 123 9 4 8 0 0
1467074912 124 9 4 8 0 0
1467074981 125 9 4 8 0 0
1467075410 126 9 4 8 0 0
1467075571 127 9 4 8 0 0
1467075578 127 9 5 8 0 0
1467076233 128 9 5 8 0 0
1467076313 129 9 5 8 0 0
1467078212 130 9 5 8 0 0
1467078227 131 9 5 8 0 0
1467078471 131 9 6 8 0 0
1467078614 132 9 6 8 0 0
1467078726 133 9 6 8 0 0
1467078883 134 9 6 8 0 0
1467078922 135 9 6 8 0 0
1467080038 135 9 7 8 0 0
1467080968 135 9 8 8 0 0
1467082086 136 9 8 8 0 0
1467084227 136 10 8 8 0 0
1467095534 137 10 8 8 0 0
1467095762 138 10 8 8 0 0
1467098238 139 10 8 8 0 0
1467098290 140 10 8 8 0 0
1467099110 141 10 8 8 0 0
1467099239 142 10 8 8 0 0
1467100730 143 10 8 8 0 0
1467101208 144 10 8 8 0 0
1467181214 144 10 8 9 0 0
1467181233 144 10 8 10 0 0
1467181988 145 10 8 10 0 0
1467182016 146 10 8 10 0 0
1467182037 147 10 8 10 0 0
1467182062 148 10 8 10 0 0
1467182079 149 10 8 10 0 0
1467182140 150 10 8 10 0 0
1467182301 150 11 8 10 0 0
1467185640 151 11 8 10 0 0
1467186698 152 11 8 10 0 0
1467186787 153 11 8 10 0 0
1467187077 153 12 8 10 0 0
1467188146 154 12 8 10 0 0
1467188278 155 12 8 10 0 0
1467191770 156 12 8 10 0 0
1467191906 157 12 8 10 0 0
1467246063 157 13 8 10 0 0
1467253746 157 13 8 11 0 0
1467253782 157 13 8 12 0 0
1467256736 157 13 9 12 0 0
1467256998 157 13 10 12 0 0
1467257148 158 13 10 12 0 0
1467257203 159 13 10 12 0 0
1467257237 160 13 10 12 0 0
1467257493 161 13 10 12 0 0
1467257627 161 13 10 13 0 0
1467257673 161 13 10 14 0 0
1467258260 162 13 10 14 0 0
1467258356 163 13 10 14 0 0
1467258425 164 13 10 14 0 0
1467258458 165 13 10 14 0 0
1467258461 165 13 10 15 0 0
1467258496 166 13 10 15 0 0
1467258508 166 13 10 16 0 0
1467258561 166 13 10 17 0 0
1467258573 166 14 10 17 0 0
1467258588 166 14 10 18 0 0
1467267423 167 14 10 18 0 0
1467267433 168 14 10 18 0 0
1467267534 169 14 10 18 0 0
1467267610 169 15 10 18 0 0
1467267934 170 15 10 18 0 0
1467267959 171 15 10 18 0 0
1467273392 171 15 10 19 0 0
1467273482 172 15 10 19 0 0
1467273518 173 15 10 19 0 0
1467273550 174 15 10 19 0 0
1467276449 175 15 10 19 0 0
1467276829 176 15 10 19 0 0
1467277130 176 15 10 20 0 0
1467332486 177 15 10 20 0 0
1467332835 178 15 10 20 0 0
1467332859 179 15 10 20 0 0
1467335235 179 15 10 21 0 0
1467335402 180 15 10 21 0 0
1467335503 181 15 10 21 0 0
1467335531 182 15 10 21 0 0
1467335587 182 15 10 22 0 0
1467335594 183 15 10 22 0 0
1467335979 184 15 10 22 0 0
1467336032 185 15 10 22 0 0
1467336092 185 15 10 23 0 0
1467336499 186 15 10 23 0 0
1467336591 187 15 10 23 0 0
1467340471 187 15 11 23 0 0
1467340558 187 15 12 23 0 0
1467340605 187 15 13 23 0 0
1467342116 187 15 14 23 0 0
1467343787 188 15 14 23 0 0
1467343873 189 15 14 23 0 0
1467343896 190 15 14 23 0 0
1467344114 191 15 14 23 0 0
1467344176 192 15 14 23 0 0
1467344262 192 15 14 24 0 0
1467344271 193 15 14 24 0 0
1467344496 194 15 14 24 0 0
1467344777 195 15 14 24 0 0
1467345045 195 16 14 24 0 0
1467345222 196 16 14 24 0 0
1467345345 197 16 14 24 0 0
1467345401 198 16 14 24 0 0
1467345559 199 16 14 24 0 0
1467352022 200 16 14 24 0 0
1467354821 201 16 14 24 0 0
1467356071 202 16 14 24 0 0
1467356543 203 16 14 24 0 0
1467356814 204 16 14 24 0 0
1467361117 204 16 15 24 0 0
1467361952 204 16 16 24 0 0
1467362390 205 16 16 24 0 0
1467362465 206 16 16 24 0 0
1467362512 207 16 16 24 0 0
1467363333 208 16 16 24 0 0
1467363379 209 16 16 24 0 0
1467592584 210 16 16 24 0 0
1467592835 211 16 16 24 0 0
1467593080 211 17 16 24 0 0
1467594479 212 17 16 24 0 0
1467594744 213 17 16 24 0 0
1467597650 214 17 16 24 0 0
1467597788 215 17 16 24 0 0
1467597943 216 17 16 24 0 0
1467598044 216 18 16 24 0 0
1467602490 216 18 17 24 0 0
1467615220 216 18 18 24 0 0
1467621755 217 18 18 24 0 0
1467621839 218 18 18 24 0 0
1467621870 219 18 18 24 0 0
1467621928 220 18 18 24 0 0
1467622107 221 18 18 24 0 0
1467680617 222 18 18 24 0 0
1467680829 223 18 18 24 0 0
1467682252 224 18 18 24 0 0
1467682284 225 18 18 24 0 0
1467683153 226 18 18 24 0 0
1467683267 227 18 18 24 0 0
1467683945 228 18 18 24 0 0
1467684046 229 18 18 24 0 0
1467684719 230 18 18 24 0 0
1467684954 231 18 18 24 0 0
1467685498 231 19 18 24 0 0
1467685926 232 19 18 24 0 0
1467685947 233 19 18 24 0 0
1467685953 234 19 18 24 0 0
1467686194 235 19 18 24 0 0
1467686341 235 20 18 24 0 0
1467687488 236 20 18 24 0 0
1467688303 237 20 18 24 0 0
1467689260 238 20 18 24 0 0
1467689331 239 20 18 24 0 0
1467689374 240 20 18 24 0 0
1467689524 240 21 18 24 0 0
1467689755 241 21 18 24 0 0
1467689939 242 21 18 24 0 0
1467690112 243 21 18 24 0 0
1467690344 244 21 18 24 0 0
1467690590 244 21 18 25 0 0
1467698142 245 21 18 25 0 0
1467698158 246 21 18 25 0 0
1467698235 247 21 18 25 0 0
1467698642 247 21 18 26 0 0
1467700971 247 21 18 27 0 0
1467701224 247 21 18 28 0 0
1467701358 247 21 18 29 0 0
1467701398 248 21 18 29 0 0
1467701469 249 21 18 29 0 0
1467701990 250 21 18 29 0 0
1467702152 251 21 18 29 0 0
1467702196 252 21 18 29 0 0
1467702508 252 21 18 30 0 0
1467703797 253 21 18 30 0 0
1467703832 254 21 18 30 0 0
1467703928 255 21 18 30 0 0
1467707153 256 21 18 30 0 0
1467707256 257 21 18 30 0 0
1467709947 258 21 18 30 0 0
1467710015 259 21 18 30 0 0
1467724446 260 21 18 30 0 0
1467724514 261 21 18 30 0 0
1467763565 262 21 18 30 0 0
1467763601 263 21 18 30 0 0
1467764714 263 22 18 30 0 0
1467765803 263 22 18 31 0 0
1467769163 264 22 18 31 0 0
1467769220 265 22 18 31 0 0
1467770091 266 22 18 31 0 0
1467770112 267 22 18 31 0 0
1467770211 268 22 18 31 0 0
1467770628 268 23 18 31 0 0
1467770823 269 23 18 31 0 0
1467771524 270 23 18 31 0 0
1467771531 271 23 18 31 0 0
1467772008 272 23 18 31 0 0
1467772226 273 23 18 31 0 0
1467772388 274 23 18 31 0 0
1467775369 274 23 18 32 0 0
1467775616 275 23 18 32 0 0
1467775784 276 23 18 32 0 0
1467776674 276 23 18 33 0 0
1467777119 276 24 18 33 0 0
1467792302 276 24 18 34 0 0
1467793432 276 24 18 35 0 0
1467793860 276 24 18 36 0 0
1467794745 276 24 18 37 0 0
1467795497 277 24 18 37 0 0
1467795659 278 24 18 37 0 0
1467814085 279 24 18 37 0 0
1467814121 280 24 18 37 0 0
1467850281 281 24 18 37 0 0
1467850689 281 25 18 37 0 0
1467850926 282 25 18 37 0 0
1467851074 283 25 18 37 0 0
1467851142 284 25 18 37 0 0
1467851195 285 25 18 37 0 0
1467851366 286 25 18 37 0 0
1467851427 287 25 18 37 0 0
1467851700 287 25 19 37 0 0
1467851883 288 25 19 37 0 0
1467851956 289 25 19 37 0 0
1467851987 289 25 19 38 0 0
1467852439 290 25 19 38 0 0
1467852527 291 25 19 38 0 0
1467852675 291 26 19 38 0 0
1467852714 292 26 19 38 0 0
1467853665 293 26 19 38 0 0
1467853805 294 26 19 38 0 0
1467854870 295 26 19 38 0 0
1467854939 296 26 19 38 0 0
1467855119 296 27 19 38 0 0
1467855674 297 27 19 38 0 0
1467855808 298 27 19 38 0 0
1467859444 298 27 19 39 0 0
1467860936 298 27 19 40 0 0
1467872301 298 27 20 40 0 0
1467872577 298 27 21 40 0 0
1467874285 299 27 21 40 0 0
1467874314 300 27 21 40 0 0
1467874625 301 27 21 40 0 0
1467875008 302 27 21 40 0 0
1467875031 303 27 21 40 0 0
1467875052 304 27 21 40 0 0
1467875057 305 27 21 40 0 0
1467875118 306 27 21 40 0 0
1467875230 306 27 21 41 0 0
1467875303 307 27 21 41 0 0
1467875343 308 27 21 41 0 0
1467875706 309 27 21 41 0 0
1467875818 310 27 21 41 0 0
1467876056 310 28 21 41 0 0
1468111595 310 28 22 41 0 0
1468113119 310 28 22 42 0 0
1468120370 310 28 23 42 0 0
1468123025 310 28 23 43 0 0
1468128562 311 28 23 43 0 0
1468128600 312 28 23 43 0 0
1468134588 312 28 23 44 0 0
1468136952 312 28 24 44 0 0
1468137112 313 28 24 44 0 0
1468137190 314 28 24 44 0 0
1468137223 315 28 24 44 0 0
1468137285 316 28 24 44 0 0
1468137614 317 28 24 44 0 0
1468139234 318 28 24 44 0 0
1468139389 319 28 24 44 0 0
1468140814 319 29 24 44 0 0
1468195599 319 29 24 45 0 0
1468202999 319 29 24 46 0 0
1468204457 319 29 25 46 0 0
1468207449 320 29 25 46 0 0
1468207464 321 29 25 46 0 0
1468207564 322 29 25 46 0 0
1468207589 323 29 25 46 0 0
1468207639 324 29 25 46 0 0
1468207695 325 29 25 46 0 0
1468207753 325 29 25 47 0 0
1468208002 325 30 25 47 0 0
1468208837 326 30 25 47 0 0
1468209259 327 30 25 47 0 0
1468209584 328 30 25 47 0 0
1468215084 329 30 25 47 0 0
1468215128 330 30 25 47 0 0
1468215814 331 30 25 47 0 0
1468216322 332 30 25 47 0 0
1468216702 333 30 25 47 0 0
1468216854 334 30 25 47 0 0
1468219009 334 30 25 48 0 0
1468220509 334 30 25 49 0 0
1468220913 335 30 25 49 0 0
1468220973 336 30 25 49 0 0
1468220995 337 30 25 49 0 0
1468222699 338 30 25 49 0 0
1468223487 339 30 25 49 0 0
1468223924 340 30 25 49 0 0
1468224113 341 30 25 49 0 0
1468224358 342 30 25 49 0 0
1468224624 343 30 25 49 0 0
1468225904 343 31 25 49 0 0
1468226458 343 31 25 50 0 0
1468228058 344 31 25 50 0 0
1468228214 345 31 25 50 0 0
1468228668 346 31 25 50 0 0
1468228740 347 31 25 50 0 0
1468282443 347 31 25 51 0 0
1468282755 347 32 25 51 0 0
1468287436 347 32 25 52 0 0
1468287745 348 32 25 52 0 0
1468287867 349 32 25 52 0 0
1468287961 350 32 25 52 0 0
1468288003 351 32 25 52 0 0
1468289883 352 32 25 52 0 0
1468291176 353 32 25 52 0 0
1468291275 354 32 25 52 0 0
1468291826 354 33 25 52 0 0
1468292435 354 34 25 52 0 0
1468293673 354 34 26 52 0 0
1468293757 354 34 27 52 0 0
1468294282 354 34 28 52 0 0
1468294439 355 34 28 52 0 0
1468294536 356 34 28 52 0 0
1468305613 356 34 28 53 0 0
1468307459 356 34 28 54 0 0
1468308533 356 34 28 55 0 0
1468308616 357 34 28 55 0 0
1468310278 358 34 28 55 0 0
1468327307 359 34 28 55 0 0
1468327358 360 34 28 55 0 0
1468368477 360 34 28 56 0 0
1468371460 361 34 28 56 0 0
1468372638 362 34 28 56 0 0
1468375432 362 35 28 56 0 0
1468375739 363 35 28 56 0 0
1468376121 364 35 28 56 0 0
1468376977 365 35 28 56 0 0
1468377100 366 35 28 56 0 0
1468378663 367 35 28 56 0 0
1468378741 368 35 28 56 0 0
1468380304 369 35 28 56 0 0
1468380654 370 35 28 56 0 0
1468380693 370 35 29 56 0 0
1468380785 371 35 29 56 0 0
1468380831 372 35 29 56 0 0
1468392050 373 35 29 56 0 0
1468392108 374 35 29 56 0 0
1468392399 375 35 29 56 0 0
1468392409 376 35 29 56 0 0
1468392609 377 35 29 56 0 0
1468392823 378 35 29 56 0 0
1468392880 379 35 29 56 0 0
1468393614 380 35 29 56 0 0
1468393709 381 35 29 56 0 0
1468455797 381 36 29 56 0 0
1468460640 382 36 29 56 0 0
1468460868 383 36 29 56 0 0
1468465314 383 36 30 56 0 0
1468465821 383 36 31 56 0 0
1468466004 383 36 32 56 0 0
1468466053 384 36 32 56 0 0
1468466194 385 36 32 56 0 0
1468466264 386 36 32 56 0 0
1468542629 386 36 32 57 0 0
1468543331 387 36 32 57 0 0
1468543401 388 36 32 57 0 0
1468543542 389 36 32 57 0 0
1468544172 390 36 32 57 0 0
1468544249 391 36 32 57 0 0
1468802414 392 36 32 57 0 0
1468802437 393 36 32 57 0 0
1468803420 394 36 32 57 0 0
1468803486 395 36 32 57 0 0
1468803641 396 36 32 57 0 0
1468804059 397 36 32 57 0 0
1468804385 398 36 32 57 0 0
1468804536 399 36 32 57 0 0
1468805125 400 36 32 57 0 0
1468805211 401 36 32 57 0 0
1468808048 401 37 32 57 0 0
1468888385 401 38 32 57 0 0
1468889237 401 39 32 57 0 0
1468890692 401 39 33 57 0 0
1468891671 401 39 34 57 0 0
1468892025 401 39 35 57 0 0
1468892688 402 39 35 57 0 0
1468892805 403 39 35 57 0 0
1468893540 404 39 35 57 0 0
1468893918 405 39 35 57 0 0
1468894350 405 40 35 57 0 0
1468894600 406 40 35 57 0 0
1468894609 407 40 35 57 0 0
1468895738 408 40 35 57 0 0
1468907167 408 41 35 57 0 0
1468907472 408 41 36 57 0 0
1468908466 408 41 37 57 0 0
1468908951 409 41 37 57 0 0
1468909017 410 41 37 57 0 0
1468912014 410 41 38 57 0 0
1468912498 411 41 38 57 0 0
1468912569 412 41 38 57 0 0
1468913015 413 41 38 57 0 0
1468913346 414 41 38 57 0 0
1468913743 415 41 38 57 0 0
1468913799 416 41 38 57 0 0
1468913972 417 41 38 57 0 0
1468915207 417 41 39 57 0 0
1468915474 418 41 39 57 0 0
1468915574 419 41 39 57 0 0
1468975914 419 42 39 57 0 0
1468978019 419 43 39 57 0 0
1468978170 419 43 40 57 0 0
1468978406 419 43 41 57 0 0
1468978518 419 43 42 57 0 0
1468978661 419 43 43 57 0 0
1468979612 419 43 44 57 0 0
1468979963 419 43 45 57 0 0
1468980250 419 43 46 57 0 0
1468980865 419 43 47 57 0 0
1468982244 419 44 47 57 0 0
1468982831 419 44 48 57 0 0
1468983078 419 44 49 57 0 0
1468983405 420 44 49 57 0 0
1468983615 421 44 49 57 0 0
1468983995 422 44 49 57 0 0
1468984077 423 44 49 57 0 0
1468985045 423 45 49 57 0 0
1468997706 424 45 49 57 0 0
1468998703 425 45 49 57 0 0
1468998753 426 45 49 57 0 0
1468999574 427 45 49 57 0 0
1469000984 428 45 49 57 0 0
1469001553 429 45 49 57 0 0
1469004032 430 45 49 57 0 0
1469004637 431 45 49 57 0 0
1469004990 431 45 49 58 0 0
1469005163 432 45 49 58 0 0
1469005261 433 45 49 58 0 0
1469005413 434 45 49 58 0 0
1469005538 434 46 49 58 0 0
1469005660 434 47 49 58 0 0
1469018560 435 47 49 58 0 0
1469018677 436 47 49 58 0 0
1469018805 437 47 49 58 0 0
1469060201 438 47 49 58 0 0
1469060508 439 47 49 58 0 0
1469061697 439 48 49 58 0 0
1469062478 439 49 49 58 0 0
1469064465 440 49 49 58 0 0
1469064632 441 49 49 58 0 0
1469066325 442 49 49 58 0 0
1469069233 443 49 49 58 0 0
1469079674 444 49 49 58 0 0
1469079772 445 49 49 58 0 0
1469080239 446 49 49 58 0 0
1469081696 446 49 50 58 0 0
1469084122 447 49 50 58 0 0
1469084691 448 49 50 58 0 0
1469085267 449 49 50 58 0 0
1469097011 450 49 50 58 0 0
1469101452 451 49 50 58 0 0
1469101479 452 49 50 58 0 0
1469101497 453 49 50 58 0 0
1469104459 454 49 50 58 0 0
1469104610 455 49 50 58 0 0
1469107365 456 49 50 58 0 0
1469107385 457 49 50 58 0 0
1469107420 458 49 50 58 0 0
1469107459 459 49 50 58 0 0
1469107474 460 49 50 58 0 0
1469107882 461 49 50 58 0 0
1469108375 462 49 50 58 0 0
1469146907 463 49 50 58 0 0
1469147005 464 49 50 58 0 0
1469147032 465 49 50 58 0 0
1469148802 465 49 51 58 0 0
1469150142 465 49 51 59 0 0
1469150275 465 49 51 60 0 0
1469151544 465 49 51 61 0 0
1469153194 465 49 52 61 0 0
1469155108 465 49 53 61 0 0
1469156195 465 49 54 61 0 0
1469159916 466 49 54 61 0 0
1469165589 467 49 54 61 0 0
1469166915 468 49 54 61 0 0
1469169472 469 49 54 61 0 0
1469169864 470 49 54 61 0 0
1469169902 471 49 54 61 0 0
1469170842 471 49 55 61 0 0
1469171181 472 49 55 61 0 0
1469172133 473 49 55 61 0 0
1469172300 474 49 55 61 0 0
1469173199 475 49 55 61 0 0
1469178555 476 49 55 61 0 0
1469407593 477 49 55 61 0 0
1469407911 478 49 55 61 0 0
1469408410 479 49 55 61 0 0
1469408661 479 49 56 61 0 0
1469409014 479 49 57 61 0 0
1469409210 480 49 57 61 0 0
1469410362 480 49 58 61 0 0
1469412313 480 49 59 61 0 0
1469413462 481 49 59 61 0 0
1469413777 481 49 60 61 0 0
1469416873 482 49 60 61 0 0
1469416924 483 49 60 61 0 0
1469416954 484 49 60 61 0 0
1469416962 485 49 60 61 0 0
1469419060 486 49 60 61 0 0
1469424966 487 49 60 61 0 0
1469428377 488 49 60 61 0 0
1469435937 489 49 60 61 0 0
1469452437 490 49 60 61 0 0
1469452496 491 49 60 61 0 0
1469493690 491 49 61 61 0 0
1469499744 492 49 61 61 0 0
1469503071 492 49 62 61 0 0
1469503456 492 50 62 61 0 0
1469504006 492 50 63 61 0 0
1469517431 493 50 63 61 0 0
1469518835 494 50 63 61 0 0
1469519152 494 50 64 61 0 0
1469520450 495 50 64 61 0 0
1469521088 495 51 64 61 0 0
1469522363 496 51 64 61 0 0
1469578055 497 51 64 61 0 0
1469578899 497 51 65 61 0 0
1469582360 497 51 66 61 0 0
1469583584 497 51 67 61 0 0
1469584333 497 51 68 61 0 0
1469584428 497 51 69 61 0 0
1469585570 498 51 69 61 0 0
1469585809 499 51 69 61 0 0
1469586601 499 52 69 61 0 0
1469590973 499 52 70 61 0 0
1469591231 499 52 71 61 0 0
1469591818 499 52 72 61 0 0
1469591919 499 52 73 61 0 0
1469601623 500 52 73 61 0 0
1469602113 501 52 73 61 0 0
1469603442 502 52 73 61 0 0
1469607478 503 52 73 61 0 0
1469610477 504 52 73 61 0 0
1469665546 504 52 73 62 0 0
1469666878 505 52 73 62 0 0
1469667102 506 52 73 62 0 0
1469675845 507 52 73 62 0 0
1469685684 507 53 73 62 0 0
1469687430 508 53 73 62 0 0
1469690725 509 53 73 62 0 0
1469750902 510 53 73 62 0 0
1469762948 511 53 73 62 0 0
1469762958 512 53 73 62 0 0
1469762970 513 53 73 62 0 0
1469783623 514 53 73 62 0 0
1469783647 515 53 73 62 0 0
1469790749 515 54 73 62 0 0
1469791230 515 55 73 62 0 0
1470013488 515 55 74 62 0 0
1470014652 515 55 75 62 0 0
1470035333 516 55 75 62 0 0
1470038615 517 55 75 62 0 0
1470043230 517 55 76 62 0 0
1470097387 518 55 76 62 0 0
1470101435 519 55 76 62 0 0
1470109618 520 55 76 62 0 0
1470185151 521 55 76 62 0 0
1470185507 522 55 76 62 0 0
1470186306 523 55 76 62 0 0
1470187951 524 55 76 62 0 0
1470191966 524 55 77 62 0 0
1470195507 524 55 78 62 0 0
1470196139 524 55 79 62 0 0
1470196688 524 55 80 62 0 0
1470205602 524 55 81 62 0 0
1470206543 524 55 82 62 0 0
1470206773 525 55 82 62 0 0
1470207043 526 55 82 62 0 0
1470211263 527 55 82 62 0 0
1470211572 528 55 82 62 0 0
1470269874 529 55 82 62 0 0
1470271160 529 56 82 62 0 0
1470273424 530 56 82 62 0 0
1470274747 530 57 82 62 0 0
1470357910 531 57 82 62 0 0
1470358018 532 57 82 62 0 0
1470380052 533 57 82 62 0 0
1470380501 533 57 83 62 0 0
1470380523 534 57 83 62 0 0
1470385380 534 57 84 62 0 0
1470385843 534 57 85 62 0 0
1470619610 534 57 86 62 0 0
1470619756 535 57 86 62 0 0
1470619792 535 57 87 62 0 0
1470619811 536 57 87 62 0 0
1470620312 537 57 87 62 0 0
1470625050 537 57 88 62 0 0
1470635175 539 57 88 62 0 0
1470635826 539 57 89 62 0 0
1470639052 540 57 89 62 0 0
1470639219 541 57 89 62 0 0
1470640696 541 57 90 62 0 0
1470640804 542 57 90 62 0 0
1470641428 543 57 90 62 0 0
1470641744 544 57 90 62 0 0
1470644682 545 57 90 62 0 0
1470645934 546 57 90 62 0 0
1470703705 546 57 91 62 0 0
1470709926 546 57 92 62 0 0
1470711740 547 57 92 62 0 0
1470712057 548 57 92 62 0 0
1470713294 549 57 92 62 0 0
1470714321 549 58 92 62 0 0
1470796201 549 58 93 62 0 0
1470797026 549 58 94 62 0 0
1470798569 550 58 94 62 0 0
1470799025 551 58 94 62 0 0
1470799954 551 59 94 62 0 0
1470808055 552 59 94 62 0 0
1470808827 553 59 94 62 0 0
1470818940 553 60 94 62 0 0
1470820337 553 60 95 62 0 0
1470820385 553 60 96 62 0 0
1470877041 553 60 97 62 0 0
1470880359 553 60 98 62 0 0
1470895055 553 60 99 62 0 0
1470895554 553 60 100 62 0 0
1470896032 553 60 101 62 0 0
1470897515 553 60 102 62 0 0
1470903754 553 60 103 62 0 0
1470903931 553 60 104 62 0 0
1470904386 553 60 105 62 0 0
1470963430 553 60 106 62 0 0
1470963700 553 60 107 62 0 0
1470964105 553 60 108 62 0 0
1470964640 553 60 109 62 0 0
1470964731 554 60 109 62 0 0
1470966462 555 60 109 62 0 0
1470966471 556 60 109 62 0 0
1470966685 557 60 109 62 0 0
1470966945 557 60 109 63 0 0
1470967047 558 60 109 63 0 0
1470967468 558 60 109 64 0 0
1470967729 558 60 109 65 0 0
1470967948 559 60 109 65 0 0
1470967988 559 60 109 66 0 0
1470968414 559 61 109 66 0 0
1470970700 560 61 109 66 0 0
1470971696 560 62 109 66 0 0
1470973532 560 62 110 66 0 0
1470973935 560 62 111 66 0 0
1470980324 561 62 111 66 0 0
1470980381 562 62 111 66 0 0
1470981153 563 62 111 66 0 0
1470981200 564 62 111 66 0 0
1471225714 564 62 111 67 0 0
1471231182 564 62 112 67 0 0
1471252126 564 62 113 67 0 0
1471252396 565 62 113 67 0 0
1471252530 566 62 113 67 0 0
1471252619 567 62 113 67 0 0
1471252731 568 62 113 67 0 0
1471316362 568 62 114 67 0 0
1471326980 569 62 114 67 0 0
1471335276 570 62 114 67 0 0
1471421575 571 62 114 67 0 0
1471421748 572 62 114 67 0 0
1471479945 573 62 114 67 0 0
1471480958 574 62 114 67 0 0
1471573895 575 62 114 67 0 0
1471574549 576 62 114 67 0 0
1471783508 576 62 114 67 0 1
1471787132 577 62 114 67 0 1
1471825024 578 62 114 67 0 1
1471825269 579 62 114 67 0 1
1471825341 580 62 114 67 0 1
1472084301 581 62 114 67 0 1
1472084351 582 62 114 67 0 1
1472084369 583 62 114 67 0 1
1472084391 584 62 114 67 0 1
1472084404 585 62 114 67 0 1
1472084416 586 62 114 67 0 1
1472084430 587 62 114 67 0 1
1472084555 588 62 114 67 0 1
1472084782 589 62 114 67 0 1
1472084890 589 63 114 67 0 1
1472084986 590 63 114 67 0 1
1472096108 591 63 114 67 0 1
1472096610 592 63 114 67 0 1
1472103914 593 63 114 67 0 1
1472109945 594 63 114 67 0 1
1472110044 595 63 114 67 0 1
1472110752 596 63 114 67 0 1
1472113803 597 63 114 67 0 1
1472114397 598 63 114 67 0 1
1472174593 599 63 114 67 0 1
1472174626 600 63 114 67 0 1
1472174661 601 63 114 67 0 1
1472174732 602 63 114 67 0 1
1472174888 603 63 114 67 0 1
1472175110 604 63 114 67 0 1
1472175338 605 63 114 67 0 1
1472175612 606 63 114 67 0 1
1472176601 607 63 114 67 0 1
1472176614 608 63 114 67 0 1
1472177024 609 63 114 67 0 1
1472178766 610 63 114 67 0 1
1472181626 611 63 114 67 0 1
1472192778 612 63 114 67 0 1
1472196161 613 63 114 67 0 1
1472196205 614 63 114 67 0 1
1472197097 615 63 114 67 0 1
1472197345 616 63 114 67 0 1
1472197752 617 63 114 67 0 1
1472200551 618 63 114 67 0 1
1472200823 618 63 115 67 0 1
1472201521 618 63 116 67 0 1
1472201660 618 63 116 68 0 1
1472432480 619 63 116 68 0 1
1472432525 620 63 116 68 0 1
1472434844 620 63 116 69 0 1
1472436502 620 63 116 70 0 1
1472438501 621 63 116 70 0 1
1472438581 622 63 116 70 0 1
1472455185 622 64 116 70 0 1
1472460266 623 64 116 70 0 1
1472460310 624 64 116 70 0 1
1472460370 625 64 116 70 0 1
1472460442 626 64 116 70 0 1
1472460492 627 64 116 70 0 1
1472460513 628 64 116 70 0 1
1472460549 629 64 116 70 0 1
1472460870 630 64 116 70 0 1
1472461054 631 64 116 70 0 1
1472462114 631 65 116 70 0 1
1472462333 631 65 117 70 0 1
1472517399 632 65 117 70 0 1
1472517532 633 65 117 70 0 1
1472518173 634 65 117 70 0 1
1472518490 635 65 117 70 0 1
1472529287 636 65 117 70 0 1
1472529311 637 65 117 70 0 1
1472535754 637 66 117 70 0 1
1472535787 638 66 117 70 0 1
1472536496 638 66 118 70 0 1
1472537436 639 66 118 70 0 1
1472537634 640 66 118 70 0 1
1472537703 641 66 118 70 0 1
1472537747 642 66 118 70 0 1
1472538551 643 66 118 70 0 1
1472538788 644 66 118 70 0 1
1472613009 645 66 118 70 0 1
1472613572 646 66 118 70 0 1
1472633374 647 66 118 70 0 1
1472633474 648 66 118 70 0 1
1472648382 649 66 118 70 0 1
1472648725 650 66 118 70 0 1
1472649613 651 66 118 70 0 1
1472649802 652 66 118 70 0 1
1472689696 652 67 118 70 0 1
1472691116 653 67 118 70 0 1
1472691185 654 67 118 70 0 1
1472691917 655 67 118 70 0 1
1472692306 656 67 118 70 0 1
1472692484 657 67 118 70 0 1
1472693791 658 67 118 70 0 1
1472694799 659 67 118 70 0 1
1472694899 660 67 118 70 0 1
1472695581 661 67 118 70 0 1
1472777844 662 67 118 70 0 1
1472779457 663 67 118 70 0 1
1472782801 664 67 118 70 0 1
1472783119 665 67 118 70 0 1
1472805710 665 68 118 70 0 1
1473128270 666 68 118 70 0 1
1473130378 667 68 118 70 0 1
1473209089 668 68 118 70 0 1
1473209135 669 68 118 70 0 1
1473210350 670 68 118 70 0 1
1473212199 671 68 118 70 0 1
1473213806 672 68 118 70 0 1
1473229019 672 68 118 71 0 1
1473234511 672 68 118 72 0 1
1473234535 672 68 118 73 0 1
1473240034 673 68 118 73 0 1
1473293457 674 68 118 73 0 1
1473293966 674 68 118 74 0 1
1473294689 675 68 118 74 0 1
1473297469 676 68 118 74 0 1
1473298108 677 68 118 74 0 1
1473298156 678 68 118 74 0 1
1473298312 679 68 118 74 0 1
1473298961 680 68 118 74 0 1
1473299157 680 69 118 74 0 1
1473299463 681 69 118 74 0 1
1473299693 682 69 118 74 0 1
1473301870 683 69 118 74 0 1
1473302123 684 69 118 74 0 1
1473416296 685 69 118 74 0 1
1473416330 686 69 118 74 0 1
1473416615 687 69 118 74 0 1
1473416786 688 69 118 74 0 1
1473484638 689 69 118 74 0 1
1473484687 690 69 118 74 0 1
1473487955 691 69 118 74 0 1
1473599569 692 69 118 74 0 1
1473599908 693 69 118 74 0 1
1473600583 694 69 118 74 0 1
1473600717 695 69 118 74 0 1
1473665624 696 69 118 74 0 1
1473666610 697 69 118 74 0 1
1473666624 698 69 118 74 0 1
1473727959 699 69 118 74 0 1
1473727967 700 69 118 74 0 1
1473745972 701 69 118 74 0 1
1473746028 702 69 118 74 0 1
1473746042 703 69 118 74 0 1
1473813029 704 69 118 74 0 1
1473821593 705 69 118 74 0 1
1473831887 706 69 118 74 0 1
1473831913 707 69 118 74 0 1
1473832025 708 69 118 74 0 1
1473833074 709 69 118 74 0 1
1473833322 710 69 118 74 0 1
1473838599 711 69 118 74 0 1
1473838622 712 69 118 74 0 1
1473841590 713 69 118 74 0 1
1473841699 714 69 118 74 0 1
1474244889 715 69 118 74 0 1
1474350098 715 70 118 74 0 1
1474351154 715 71 118 74 0 1
1474351636 715 72 118 74 0 1
1474351739 715 73 118 74 0 1
1474367712 716 73 118 74 0 1
1474367774 717 73 118 74 0 1
1474503610 718 73 118 74 0 1
1474540649 719 73 118 74 0 1
1476342358 720 73 118 74 0 1
1476344186 721 73 118 74 0 1
1477287577 722 73 118 74 0 1
1477288101 723 73 118 74 0 1
1477296963 724 73 118 74 0 1
1477297286 725 73 118 74 0 1
1477360964 726 73 118 74 0 1
1477366559 727 73 118 74 0 1
1477366687 728 73 118 74 0 1
1477367819 729 73 118 74 0 1
1477367842 730 73 118 74 0 1
1477375259 731 73 118 74 0 1
1477375820 732 73 118 74 0 1
1477380503 733 73 118 74 0 1
1477382227 734 73 118 74 0 1
1477443607 735 73 118 74 0 1
1477447786 736 73 118 74 0 1
1477473290 737 73 118 74 0 1
1477534737 738 73 118 74 0 1
1477535667 739 73 118 74 0 1
1477536269 740 73 118 74 0 1
1477537044 741 73 118 74 0 1
1477551681 742 73 118 74 0 1
1477553729 743 73 118 74 0 1
1477555447 744 73 118 74 0 1
1477555845 745 73 118 74 0 1
1477557052 746 73 118 74 0 1
1477557355 747 73 118 74 0 1
1477558089 748 73 118 74 0 1
1477558710 749 73 118 74 0 1
1477559469 750 73 118 74 0 1
1477617678 751 73 118 74 0 1
1477619607 752 73 118 74 0 1
1477619696 753 73 118 74 0 1
1477620457 754 73 118 74 0 1
1477621364 755 73 118 74 0 1
1477621797 756 73 118 74 0 1
1478845978 756 73 118 74 1 1
1479178511 757 73 118 74 1 1
1479178643 758 73 118 74 1 1
1479189089 759 73 118 74 1 1
1479257765 760 73 118 74 1 1
1479258221 761 73 118 74 1 1
1479259199 762 73 118 74 1 1
1479260811 763 73 118 74 1 1
1479260994 764 73 118 74 1 1
1479261208 765 73 118 74 1 1
1479262281 766 73 118 74 1 1
1479263049 767 73 118 74 1 1
1479263394 768 73 118 74 1 1
1479263528 769 73 118 74 1 1
1479264529 770 73 118 74 1 1
1479265099 771 73 118 74 1 1
1479267293 771 74 118 74 1 1
1479267660 771 75 118 74 1 1
1479267708 772 75 118 74 1 1
1479268274 772 76 118 74 1 1
1479268356 773 76 118 74 1 1
1479268695 774 76 118 74 1 1
1479268749 775 76 118 74 1 1
1479276185 776 76 118 74 1 1
1479276659 777 76 118 74 1 1
1479278524 777 77 118 74 1 1
1479281242 777 78 118 74 1 1
1479281475 778 78 118 74 1 1
1479281517 779 78 118 74 1 1
1479283045 779 79 118 74 1 1
1479283086 780 79 118 74 1 1
1479283447 781 79 118 74 1 1
1479284927 782 79 118 74 1 1
1479285024 783 79 118 74 1 1
1479287716 783 80 118 74 1 1
1479287862 783 81 118 74 1 1
1479346086 784 81 118 74 1 1
1479346198 785 81 118 74 1 1
1479348186 786 81 118 74 1 1
1479438334 786 81 118 74 2 1
1479692981 787 81 118 74 2 1
1479693232 788 81 118 74 2 1
1479694447 788 82 118 74 2 1
1479709567 788 82 118 74 3 1
1479719197 789 82 118 74 3 1
1479719331 790 82 118 74 3 1
1479719643 790 82 118 74 4 1
1479774579 790 82 118 75 4 1
1479776104 790 82 118 76 4 1
1479777137 791 82 118 76 4 1
1479777423 791 82 118 77 4 1
1479778074 791 83 118 77 4 1
1479779583 792 83 118 77 4 1
1479780799 792 84 118 77 4 1
1479780906 792 85 118 77 4 1
1479781056 792 86 118 77 4 1
1479783127 793 86 118 77 4 1
1479784216 794 86 118 77 4 1
1479794279 795 86 118 77 4 1
1479794690 796 86 118 77 4 1
1479795027 797 86 118 77 4 1
1479797311 798 86 118 77 4 1
1479797458 799 86 118 77 4 1
1479799673 800 86 118 77 4 1
1479799953 800 86 118 77 5 1
1479802413 800 86 118 78 5 1
1479802909 801 86 118 78 5 1
1479802967 802 86 118 78 5 1
1479803271 802 86 118 79 5 1
1479805324 802 86 118 79 6 1
1479805367 802 87 118 79 6 1
1479863899 803 87 118 79 6 1
1479863947 804 87 118 79 6 1
1479864367 805 87 118 79 6 1
1479864479 806 87 118 79 6 1
1479871417 806 88 118 79 6 1
1479871536 806 89 118 79 6 1
1479871915 806 90 118 79 6 1
1479872170 807 90 118 79 6 1
1479872214 808 90 118 79 6 1
1479889414 809 90 118 79 6 1
1479889890 810 90 118 79 6 1
1479892023 811 90 118 79 6 1
1479892750 812 90 118 79 6 1
1479893153 813 90 118 79 6 1
1479893405 814 90 118 79 6 1
1479948778 815 90 118 79 6 1
1479948966 816 90 118 79 6 1
1479949438 817 90 118 79 6 1
1479949649 818 90 118 79 6 1
1479953117 819 90 118 79 6 1
1479953743 820 90 118 79 6 1
1479957892 820 90 118 80 6 1
1479958382 820 91 118 80 6 1
1479966564 821 91 118 80 6 1
1479966726 822 91 118 80 6 1
1479966850 822 91 118 80 7 1
1480035538 823 91 118 80 7 1
1480036305 824 91 118 80 7 1
1480038750 825 91 118 80 7 1
1480039356 826 91 118 80 7 1
1480054032 826 91 118 81 7 1
1480292489 827 91 118 81 7 1
1480292668 828 91 118 81 7 1
1480299846 828 91 118 82 7 1
1480301703 829 91 118 82 7 1
1480301749 830 91 118 82 7 1
1480302201 831 91 118 82 7 1
1480302421 832 91 118 82 7 1
1480302560 833 91 118 82 7 1
1480302684 834 91 118 82 7 1
1480302744 835 91 118 82 7 1
1480320519 835 92 118 82 7 1
1480466135 835 93 118 82 7 1
1480466801 836 93 118 82 7 1
1480467316 837 93 118 82 7 1
1480472039 838 93 118 82 7 1
1480472372 839 93 118 82 7 1
1480484476 839 94 118 82 7 1
1480494625 840 94 118 82 7 1
1480552529 841 94 118 82 7 1
1480552620 842 94 118 82 7 1
1480553104 843 94 118 82 7 1
1480555422 844 94 118 82 7 1
1480555582 845 94 118 82 7 1
1480555744 846 94 118 82 7 1
1480555817 847 94 118 82 7 1
1480556008 848 94 118 82 7 1
1480556798 849 94 118 82 7 1
1480560290 849 95 118 82 7 1
1480561774 849 96 118 82 7 1
1480562826 850 96 118 82 7 1
1480562969 851 96 118 82 7 1
1480563089 852 96 118 82 7 1
1480563122 853 96 118 82 7 1
1480563156 854 96 118 82 7 1
1480563954 855 96 118 82 7 1
1480564093 856 96 118 82 7 1
1480573048 856 96 118 82 8 1
1480573764 856 96 118 82 9 1
1480573952 857 96 118 82 9 1
1480573988 858 96 118 82 9 1
1480574287 859 96 118 82 9 1
1480574313 859 96 118 82 10 1
1480574450 860 96 118 82 10 1
1480574526 861 96 118 82 10 1
1480575007 862 96 118 82 10 1
1480575072 863 96 118 82 10 1
1480576196 864 96 118 82 10 1
1480908687 864 97 118 82 10 1
1481006066 865 97 118 82 10 1
1481007582 866 97 118 82 10 1
1481080508 867 97 118 82 10 1
1481080822 868 97 118 82 10 1
1481081074 869 97 118 82 10 1
1481081237 870 97 118 82 10 1
1481082520 871 97 118 82 10 1
1481088853 872 97 118 82 10 1
1481098607 873 97 118 82 10 1
1481098764 874 97 118 82 10 1
1481100802 874 98 118 82 10 1
1481165827 875 98 118 82 10 1
1481166032 876 98 118 82 10 1
1481185866 876 99 118 82 10 1
1481186428 877 99 118 82 10 1
1481186972 878 99 118 82 10 1
1481187332 879 99 118 82 10 1
1481187601 880 99 118 82 10 1
1481187756 881 99 118 82 10 1
1481187877 882 99 118 82 10 1
1481188024 883 99 118 82 10 1
1481188273 884 99 118 82 10 1
1481245526 885 99 118 82 10 1
1481245809 885 100 118 82 10 1
1481245938 886 100 118 82 10 1
1481246515 887 100 118 82 10 1
1481248577 888 100 118 82 10 1
1481248988 889 100 118 82 10 1
1481249443 890 100 118 82 10 1
1481250083 890 101 118 82 10 1
1481250421 891 101 118 82 10 1
1481252535 891 102 118 82 10 1
1481262863 891 103 118 82 10 1
1481264162 892 103 118 82 10 1
1481264215 893 103 118 82 10 1
1481505749 894 103 118 82 10 1
1481506063 895 103 118 82 10 1
1481509234 896 103 118 82 10 1
1481509893 897 103 118 82 10 1
1481588047 897 104 118 82 10 1
1481588624 897 105 118 82 10 1
1481591277 898 105 118 82 10 1
1481591539 899 105 118 82 10 1
1481592579 900 105 118 82 10 1
1481592612 901 105 118 82 10 1
1481594309 902 105 118 82 10 1
1481594975 903 105 118 82 10 1
1481596136 904 105 118 82 10 1
1481596641 905 105 118 82 10 1
1481597277 906 105 118 82 10 1
1481597587 907 105 118 82 10 1
1481675007 907 106 118 82 10 1
1481683970 908 106 118 82 10 1
1481684295 909 106 118 82 10 1
1481684324 910 106 118 82 10 1
1481684435 911 106 118 82 10 1
1481685853 911 107 118 82 10 1
1481697282 911 108 118 82 10 1
1481697445 912 108 118 82 10 1
1481697477 913 108 118 82 10 1
1481706261 914 108 118 82 10 1
1481706600 915 108 118 82 10 1
1481707222 916 108 118 82 10 1
1481707265 917 108 118 82 10 1
1481707481 918 108 118 82 10 1
1481707653 919 108 118 82 10 1
1481761960 919 109 118 82 10 1
1481762369 920 109 118 82 10 1
1481762694 921 109 118 82 10 1
1481762904 922 109 118 82 10 1
1481763167 922 110 118 82 10 1
1481768136 923 110 118 82 10 1
1481772881 924 110 118 82 10 1
1481774110 925 110 118 82 10 1
1481781118 926 110 118 82 10 1
1481781982 927 110 118 82 10 1
1481848656 928 110 118 82 10 1
1481849044 929 110 118 82 10 1
1481850172 930 110 118 82 10 1
1481850196 931 110 118 82 10 1
1481850340 932 110 118 82 10 1
1481851542 933 110 118 82 10 1
1481853735 934 110 118 82 10 1
1481853901 935 110 118 82 10 1
1481856922 936 110 118 82 10 1
1481858285 937 110 118 82 10 1
1481860542 938 110 118 82 10 1
1481860816 939 110 118 82 10 1
1481866638 939 111 118 82 10 1
1481867121 940 111 118 82 10 1
1481867173 941 111 118 82 10 1
1481868819 942 111 118 82 10 1
1481872609 943 111 118 82 10 1
1481879412 944 111 118 82 10 1
1481889437 945 111 118 82 10 1
1481889525 946 111 118 82 10 1
1481897766 947 111 118 82 10 1
1482108629 948 111 118 82 10 1
1482109086 949 111 118 82 10 1
1482109199 950 111 118 82 10 1
1482109715 951 111 118 82 10 1
1482110338 952 111 118 82 10 1
1482112266 952 112 118 82 10 1
1482113017 952 113 118 82 10 1
1482114385 953 113 118 82 10 1
1482114466 954 113 118 82 10 1
1482114631 955 113 118 82 10 1
1482117588 956 113 118 82 10 1
1482119823 957 113 118 82 10 1
1482119875 958 113 118 82 10 1
1482120006 959 113 118 82 10 1
1482126225 960 113 118 82 10 1
1482126354 960 114 118 82 10 1
1482126389 960 115 118 82 10 1
1482126597 961 115 118 82 10 1
1482126805 961 116 118 82 10 1
1482127958 961 117 118 82 10 1
1482128184 961 118 118 82 10 1
1482128308 962 118 118 82 10 1
1482128353 963 118 118 82 10 1
1482129696 964 118 118 82 10 1
1482129766 965 118 118 82 10 1
1482139744 966 118 118 82 10 1
1482143838 967 118 118 82 10 1
1482146974 968 118 118 82 10 1
1482192585 969 118 118 82 10 1
1482192648 970 118 118 82 10 1
1482193582 971 118 118 82 10 1
1482193703 972 118 118 82 10 1
1482194034 972 119 118 82 10 1
1482195325 973 119 118 82 10 1
1482195406 974 119 118 82 10 1
1482195496 975 119 118 82 10 1
1482195610 976 119 118 82 10 1
1482195884 977 119 118 82 10 1
1482196026 978 119 118 82 10 1
1482196876 978 120 118 82 10 1
1482204173 979 120 118 82 10 1
1482204376 980 120 118 82 10 1
1482214637 980 121 118 82 10 1
1482216168 980 122 118 82 10 1
1482280464 981 122 118 82 10 1
1482280941 982 122 118 82 10 1
1482282090 983 122 118 82 10 1
1482282185 984 122 118 82 10 1
1482282676 985 122 118 82 10 1
1482282711 986 122 118 82 10 1
1482282775 987 122 118 82 10 1
1482299222 987 123 118 82 10 1
1482299654 987 124 118 82 10 1
1482300059 988 124 118 82 10 1
1482300106 989 124 118 82 10 1
1482301865 990 124 118 82 10 1
1482302231 991 124 118 82 10 1
1482310501 992 124 118 82 10 1
1482311365 993 124 118 82 10 1
1482368198 994 124 118 82 10 1
1482368508 995 124 118 82 10 1
1482368990 995 125 118 82 10 1
1482374843 996 125 118 82 10 1
1482375120 997 125 118 82 10 1
1482397206 998 125 118 82 10 1
1482398461 999 125 118 82 10 1
1482451870 1000 125 118 82 10 1
1482452751 1000 126 118 82 10 1
1482454434 1000 127 118 82 10 1
1482454640 1000 128 118 82 10 1
1482462296 1001 128 118 82 10 1
1482462355 1002 128 118 82 10 1
1482463003 1002 129 118 82 10 1
1482463172 1003 129 118 82 10 1
1482463203 1004 129 118 82 10 1
