1465346982 2 0 0 0
1465347698 2830 0 0 0
1465692528 2831 0 0 0
1465692748 2831 0 0 0
1465694752 2831 0 0 0
1465694863 2831 0 0 0
1465712839 2831 0 0 0
1465783511 3464 0 0 0
1465784464 3464 0 0 0
1465978212 3738 0 0 0
1465979358 3738 0 0 0
1466042356 3866 0 0 0
1466043148 3866 0 0 0
1466045991 3889 0 0 0
1466048188 3889 0 0 0
1466048341 3889 0 0 0
1466067862 3915 0 0 0
1466067978 3915 0 0 0
1466123165 3915 0 0 1
1466125480 3923 0 0 1
1466125492 3933 0 0 1
1466125510 3937 0 0 1
1466125546 3941 0 0 1
1466125566 3947 0 0 1
1466126942 3947 0 0 1
1466130660 3954 0 0 1
1466130723 3954 0 0 1
1466130784 3955 0 0 1
1466130906 3956 0 0 1
1466130987 3956 0 0 1
1466142103 3957 0 0 1
1466142517 3957 0 0 1
1466142996 3958 0 0 1
1466143120 3959 0 0 1
1466143203 3959 0 0 1
1466148169 4180 0 0 1
1466148426 4180 0 0 1
1466148670 4198 0 0 1
1466148765 4198 0 0 2
1466151237 4199 0 0 2
1466151360 4199 0 0 2
1466152683 4203 0 0 2
1466152794 4203 0 0 2
1466153954 4205 0 0 2
1466154073 4205 0 0 2
1466469295 4230 0 0 2
1466470779 4234 0 0 2
1466470951 4234 0 0 2
1466471296 4248 0 0 2
1466471358 4248 0 0 2
1466471795 4252 0 0 2
1466471994 4253 0 0 2
1466472147 4253 0 0 2
1466473558 4265 0 0 2
1466473787 4265 0 0 2
1466474521 4273 0 0 2
1466474683 4273 0 0 2
1466475237 4281 0 0 2
1466475506 4281 0 0 2
1466476224 4287 0 0 2
1466476379 4287 0 0 2
1466490809 4308 0 0 2
1466492234 4308 0 0 2
1466494918 4309 0 0 2
1466495224 4310 0 0 2
1466495441 4310 0 0 2
1466496505 4310 0 81 2
1466496616 4310 0 81 2
1466496805 4310 0 81 2
1466497390 4310 0 81 2
1466497401 4363 0 81 2
1466497412 4392 0 81 2
1466497523 4392 0 81 2
1466498010 4392 0 81 2
1466577877 4393 0 81 2
1466578466 4401 0 81 2
1466579316 4401 0 81 2
1466751872 4401 130 81 2
1466752215 4401 133 81 2
1466754850 4402 133 81 2
1466754966 4402 133 81 2
1466754981 4402 335 81 2
1466757487 4402 335 81 2
1466757638 4402 335 81 2
1466758043 4427 335 81 2
1466758061 4430 335 81 2
1466758288 4430 335 81 2
1466758483 4430 335 81 2
1466990428 4443 335 81 2
1466990454 4461 335 81 2
1466990477 4503 335 81 2
1466990493 4504 335 81 2
1466990774 4504 335 81 2
1466991387 4512 335 81 2
1466991754 4525 335 81 2
1466992047 4529 335 81 2
1466992168 4529 335 81 2
1466994950 4529 335 81 2
1466995750 4530 335 81 2
1466995822 4530 335 81 2
1466995972 4531 335 81 2
1466996055 4531 335 81 2
1466996090 4531 335 81 2
1466996260 4533 335 81 2
1466996333 4533 335 81 2
1466997640 4533 335 81 2
1466999534 4534 335 81 2
1467000050 4536 335 81 2
1467005783 4536 335 81 2
1467007529 4545 335 81 2
1467007651 4545 335 81 2
1467008164 4545 363 81 2
1467008303 4545 363 81 2
1467008343 4545 363 81 2
1467008840 4545 363 82 2
1467009024 4545 363 101 2
1467009376 4545 363 103 2
1467009597 4545 363 139 2
1467010058 4545 363 140 2
1467012322 4607 363 140 2
1467012347 4619 363 140 2
1467012463 4619 363 140 2
1467012591 4619 363 140 2
1467012740 4619 363 140 2
1467013292 4624 363 140 2
1467013383 4624 363 140 2
1467013445 4624 363 140 2
1467013870 4624 363 140 2
1467014805 4624 363 140 2
1467015068 4624 363 140 2
1467015128 4624 363 140 2
1467016151 4625 363 140 2
1467016165 4648 363 140 2
1467016195 4658 363 140 2
1467016282 4658 363 140 2
1467016575 4658 363 140 2
1467017024 4666 363 140 2
1467017092 4668 363 140 2
1467017194 4668 363 140 2
1467017291 4668 363 140 2
1467019272 4669 363 140 2
1467019782 4669 363 140 2
1467074277 4669 363 140 10
1467074912 4904 363 140 10
1467074981 4905 363 140 10
1467075410 4906 363 140 10
1467075571 4906 363 140 10
1467075578 4906 363 140 12
1467076233 4906 363 140 12
1467076313 4906 363 140 12
1467078212 4931 363 140 12
1467078227 4932 363 140 12
1467078471 4932 363 140 13
1467078614 4936 363 140 13
1467078726 4936 363 140 13
1467078883 4936 363 140 13
1467078922 4936 363 140 13
1467080038 4936 363 140 16
1467080968 4936 363 140 21
1467082086 4936 363 140 21
1467084227 4936 363 140 21
1467095534 4990 363 140 21
1467095762 4990 363 140 21
1467098238 4998 363 140 21
1467098290 4998 363 140 21
1467099110 5009 363 140 21
1467099239 5009 363 140 21
1467100730 5011 363 140 21
1467101208 5011 363 140 21
1467181214 5011 366 140 21
1467181233 5011 368 140 21
1467181988 5015 368 140 21
1467182016 5177 368 140 21
1467182037 5191 368 140 21
1467182062 5192 368 140 21
1467182079 5234 368 140 21
1467182140 5234 368 140 21
1467182301 5234 368 140 21
1467185640 5240 368 140 21
1467186698 5241 368 140 21
1467186787 5241 368 140 21
1467187077 5241 368 140 21
1467188146 5242 368 140 21
1467188278 5242 368 140 21
1467191770 5244 368 140 21
1467191906 5244 368 140 21
1467246063 5244 368 140 21
1467253746 5244 368 140 21
1467253782 5244 368 140 21
1467256736 5244 368 140 234
1467256998 5244 368 140 375
1467257148 5244 368 140 375
1467257203 5244 368 140 375
1467257237 5244 368 140 375
1467257493 5249 368 140 375
1467257627 5249 368 140 375
1467257673 5249 368 140 375
1467258260 5299 368 140 375
1467258356 5299 368 140 375
1467258425 5303 368 140 375
1467258458 5304 368 140 375
1467258461 5304 368 140 375
1467258496 5304 368 140 375
1467258508 5304 368 140 375
1467258561 5304 368 140 375
1467258573 5304 368 140 375
1467258588 5304 368 140 375
1467267423 5393 368 140 375
1467267433 5417 368 140 375
1467267534 5417 368 140 375
1467267610 5417 368 140 375
1467267934 5419 368 140 375
1467267959 5419 368 140 375
1467273392 5419 397 140 375
1467273482 5419 397 140 375
1467273518 5419 397 140 375
1467273550 5419 397 140 375
1467276449 6575 397 140 375
1467276829 6575 397 140 375
1467277130 6575 397 140 375
1467332486 6577 397 140 375
1467332835 6581 397 140 375
1467332859 6581 397 140 375
1467335235 6581 416 140 375
1467335402 6582 416 140 375
1467335503 6582 416 140 375
1467335531 6582 416 140 375
1467335587 6582 416 140 375
1467335594 6582 416 140 375
1467335979 6582 416 140 375
1467336032 6582 416 140 375
1467336092 6582 416 140 375
1467336499 6585 416 140 375
1467336591 6585 416 140 375
1467340471 6585 416 140 376
1467340558 6585 416 140 441
1467340605 6585 416 140 474
1467342116 6585 416 140 474
1467343787 6585 416 140 474
1467343873 6585 416 140 474
1467343896 6585 416 140 474
1467344114 6675 416 140 474
1467344176 6675 416 140 474
1467344262 6675 457 140 474
1467344271 6676 457 140 474
1467344496 6676 457 140 474
1467344777 6676 457 140 474
1467345045 6676 457 140 474
1467345222 6676 457 140 474
1467345345 6677 457 140 474
1467345401 6678 457 140 474
1467345559 6678 457 140 474
1467352022 6681 457 140 474
1467354821 6681 457 140 474
1467356071 6687 457 140 474
1467356543 6688 457 140 474
1467356814 6688 457 140 474
1467361117 6688 457 140 521
1467361952 6688 457 140 522
1467362390 6688 457 140 522
1467362465 6688 457 140 522
1467362512 6688 457 140 522
1467363333 6689 457 140 522
1467363379 6689 457 140 522
1467592584 6705 457 140 522
1467592835 6707 457 140 522
1467593080 6707 457 140 522
1467594479 6709 457 140 522
1467594744 6709 457 140 522
1467597650 6744 457 140 522
1467597788 6746 457 140 522
1467597943 6746 457 140 522
1467598044 6746 457 140 522
1467602490 6746 457 140 531
1467615220 6746 457 140 534
1467621755 6746 457 140 534
1467621839 6746 457 140 534
1467621870 6746 457 140 534
1467621928 6747 457 140 534
1467622107 6747 457 140 534
1467680617 6864 457 140 534
1467680829 6871 457 140 534
1467682252 6889 457 140 534
1467682284 6890 457 140 534
1467683153 6919 457 140 534
1467683267 6919 457 140 534
1467683945 6921 457 140 534
1467684046 6921 457 140 534
1467684719 6929 457 140 534
1467684954 6929 457 140 534
1467685498 6929 457 140 534
1467685926 6933 457 140 534
1467685947 6934 457 140 534
1467685953 6983 457 140 534
1467686194 6983 457 140 534
1467686341 6983 457 140 534
1467687488 6990 457 140 534
1467688303 6990 457 140 534
1467689260 6993 457 140 534
1467689331 6994 457 140 534
1467689374 6994 457 140 534
1467689524 6994 457 140 534
1467689755 6995 457 140 534
1467689939 6996 457 140 534
1467690112 6998 457 140 534
1467690344 6998 457 140 534
1467690590 6998 457 140 534
1467698142 7003 457 140 534
1467698158 7011 457 140 534
1467698235 7011 457 140 534
1467698642 7011 457 140 534
1467700971 7011 582 140 534
1467701224 7011 582 140 534
1467701358 7011 583 140 534
1467701398 7011 583 140 534
1467701469 7011 583 140 534
1467701990 7015 583 140 534
1467702152 7017 583 140 534
1467702196 7017 583 140 534
1467702508 7017 583 140 534
1467703797 7029 583 140 534
1467703832 7029 583 140 534
1467703928 7029 583 140 534
1467707153 7030 583 140 534
1467707256 7030 583 140 534
1467709947 7033 583 140 534
1467710015 7033 583 140 534
1467724446 7036 583 140 534
1467724514 7036 583 140 534
1467763565 7038 583 140 534
1467763601 7038 583 140 534
1467764714 7038 583 140 534
1467765803 7038 583 140 534
1467769163 7049 583 140 534
1467769220 7049 583 140 534
1467770091 7053 583 140 534
1467770112 7057 583 140 534
1467770211 7057 583 140 534
1467770628 7057 583 140 534
1467770823 7059 583 140 534
1467771524 7062 583 140 534
1467771531 7068 583 140 534
1467772008 7069 583 140 534
1467772226 7071 583 140 534
1467772388 7071 583 140 534
1467775369 7071 833 140 534
1467775616 7071 833 140 534
1467775784 7071 833 140 534
1467776674 7071 833 140 534
1467777119 7071 833 140 534
1467792302 7071 1834 140 534
1467793432 7071 1835 140 534
1467793860 7071 1837 140 534
1467794745 7071 1840 140 534
1467795497 7071 1840 140 534
1467795659 7071 1840 140 534
1467814085 7072 1840 140 534
1467814121 7072 1840 140 534
1467850281 7099 1840 140 534
1467850689 7099 1840 140 534
1467850926 7343 1840 140 534
1467851074 7356 1840 140 534
1467851142 7356 1840 140 534
1467851195 7356 1840 140 534
1467851366 7357 1840 140 534
1467851427 7357 1840 140 534
1467851700 7357 1840 140 716
1467851883 7357 1840 140 716
1467851956 7357 1840 140 716
1467851987 7357 1840 140 716
1467852439 7358 1840 140 716
1467852527 7359 1840 140 716
1467852675 7359 1840 140 716
1467852714 7359 1840 140 716
1467853665 7362 1840 140 716
1467853805 7362 1840 140 716
1467854870 7443 1840 140 716
1467854939 7443 1840 140 716
1467855119 7443 1840 140 716
1467855674 7446 1840 140 716
1467855808 7446 1840 140 716
1467859444 7446 1840 140 716
1467860936 7446 1844 140 716
1467872301 7446 1844 140 720
1467872577 7446 1844 140 726
1467874285 7446 1844 140 726
1467874314 7446 1844 140 726
1467874625 7446 1844 140 726
1467875008 7507 1844 140 726
1467875031 7509 1844 140 726
1467875052 7513 1844 140 726
1467875057 7513 1844 140 726
1467875118 7513 1844 140 726
1467875230 7513 1844 140 726
1467875303 7515 1844 140 726
1467875343 7515 1844 140 726
1467875706 7515 1844 140 726
1467875818 7515 1844 140 726
1467876056 7515 1844 140 726
1468111595 7515 1844 140 728
1468113119 7515 1844 140 728
1468120370 7515 1844 140 738
1468123025 7515 1901 140 738
1468128562 7515 1901 140 738
1468128600 7515 1901 140 738
1468134588 7515 2036 140 738
1468136952 7515 2036 140 750
1468137112 7515 2036 140 750
1468137190 7515 2036 140 750
1468137223 7515 2036 140 750
1468137285 7515 2036 140 750
1468137614 7521 2036 140 750
1468139234 7525 2036 140 750
1468139389 7525 2036 140 750
1468140814 7525 2036 140 750
1468195599 7525 2036 140 750
1468202999 7525 2043 140 750
1468204457 7525 2043 140 760
1468207449 7529 2043 140 760
1468207464 7804 2043 140 760
1468207564 7804 2043 140 760
1468207589 7804 2043 140 760
1468207639 7804 2043 140 760
1468207695 7804 2043 140 760
1468207753 7804 2043 140 760
1468208002 7804 2043 140 760
1468208837 7806 2043 140 760
1468209259 7808 2043 140 760
1468209584 7808 2043 140 760
1468215084 7810 2043 140 760
1468215128 7810 2043 140 760
1468215814 7817 2043 140 760
1468216322 7817 2043 140 760
1468216702 7819 2043 140 760
1468216854 7819 2043 140 760
1468219009 7819 2043 140 760
1468220509 7819 2064 140 760
1468220913 7819 2064 140 760
1468220973 7819 2064 140 760
1468220995 7819 2064 140 760
1468222699 7819 2064 140 760
1468223487 7820 2064 140 760
1468223924 7820 2064 140 760
1468224113 7820 2064 140 760
1468224358 7820 2064 140 760
1468224624 7820 2064 140 760
1468225904 7820 2064 140 760
1468226458 7820 2064 140 760
1468228058 7824 2064 140 760
1468228214 7824 2064 140 760
1468228668 7830 2064 140 760
1468228740 7830 2064 140 760
1468282443 7830 2064 140 760
1468282755 7830 2064 140 760
1468287436 7830 2067 140 760
1468287745 7833 2067 140 760
1468287867 7833 2067 140 760
1468287961 7833 2067 140 760
1468288003 7833 2067 140 760
1468289883 7860 2067 140 760
1468291176 7863 2067 140 760
1468291275 7863 2067 140 760
1468291826 7863 2067 140 760
1468292435 7863 2067 142 760
1468293673 7863 2067 142 768
1468293757 7863 2067 142 770
1468294282 7863 2067 142 772
1468294439 7863 2067 142 772
1468294536 7863 2067 142 772
1468305613 7863 2067 142 772
1468307459 7863 2080 142 772
1468308533 7863 2083 142 772
1468308616 7863 2083 142 772
1468310278 7863 2083 142 772
1468327307 7864 2083 142 772
1468327358 7864 2083 142 772
1468371460 7878 2083 142 772
1468372638 7880 2083 142 772
1468375432 7880 2083 142 772
1468375739 7883 2083 142 772
1468376121 7883 2083 142 772
1468376977 7884 2083 142 772
1468377100 7884 2083 142 772
1468378663 7885 2083 142 772
1468378741 7885 2083 142 772
1468380304 7887 2083 142 772
1468380654 7887 2083 142 772
1468380693 7887 2083 142 773
1468380785 7887 2083 142 773
1468380831 7887 2083 142 773
1468392050 8044 2083 142 773
1468392108 8046 2083 142 773
1468392399 8049 2083 142 773
1468392409 8051 2083 142 773
1468392609 8051 2083 142 773
1468392823 8055 2083 142 773
1468392880 8055 2083 142 773
1468393614 8082 2083 142 773
1468393709 8082 2083 142 773
1468455797 8082 2083 142 773
1468460640 8085 2083 142 773
1468460868 8085 2083 142 773
1468465314 8085 2083 142 795
1468465821 8085 2083 142 796
1468466004 8085 2083 142 798
1468466053 8085 2083 142 798
1468466194 8085 2083 142 798
1468466264 8085 2083 142 798
1468543331 8107 2083 142 798
1468543401 8107 2083 142 798
1468543542 8107 2083 142 798
