1465346982 2
1465347698 2830
1465692528 2830
1465694752 2829
1465712839 2829
1465783511 2861
1465978212 3111
1466042356 3197
1466045991 3197
1466048188 3196
1466067862 3222
1466123165 3236
1466125480 3224
1466125492 3224
1466125510 3228
1466125546 3228
1466125566 3230
1466130660 3237
1466130784 3237
1466130906 3237
1466142103 3237
1466142996 3237
1466143120 3237
1466148169 3235
1466148670 3236
1466151237 3236
1466152683 3240
1466153954 3240
1466469295 3260
1466470779 3260
1466471296 3274
1466471795 3274
1466471994 3274
1466473558 3282
1466474521 3282
1466475237 3282
1466476224 3288
1466490809 3304
1466494918 3304
1466495224 3304
1466496805 3385
1466497390 3372
1466497401 3425
1466497412 3373
1466498010 3371
1466577877 3371
1466578466 3371
1466754850 3371
1466757638 3611
1466758043 3635
1466758061 3602
1466990428 3615
1466990454 3626
1466990477 3589
1466990493 3589
1466991387 3589
1466991754 3602
1466992047 3606
1466995750 3602
1466995972 3602
1466996260 3602
1466999534 3603
1467000050 3604
1467007529 3599
1467008343 3624
1467012322 3602
1467012347 3608
1467012740 3636
1467013292 3640
1467013383 3638
1467015128 3637
1467016151 3637
1467016165 3660
1467016195 3670
1467017024 3674
1467017092 3674
1467019272 3674
1467074912 3676
1467074981 3676
1467075410 3676
1467076313 3677
1467078212 3677
1467078227 3677
1467078614 3677
1467078922 3677
1467095534 3727
1467098238 3734
1467098290 3734
1467099110 3739
1467100730 3739
1467181988 3742
1467182016 3890
1467182037 3898
1467182062 3898
1467182079 3940
1467185640 3940
1467186698 3940
1467188146 3940
1467191770 3941
1467257203 4008
1467257493 4008
1467258260 4041
1467258425 4041
1467258458 4041
1467267423 4045
1467267433 4045
1467267934 4045
1467273518 4053
1467276449 4100
1467332486 4100
1467332835 4100
1467335402 4100
1467335594 4117
1467335979 4117
1467336499 4081
1467343873 4142
1467344114 4142
1467344271 4142
1467345222 4142
1467345345 4142
1467345401 4142
1467352022 4142
1467356071 4142
1467356543 4143
1467362465 4169
1467363333 4169
1467592584 4169
1467592835 4169
1467594479 4169
1467597650 4164
1467597788 4164
1467621839 4165
1467621928 4165
1467680617 4165
1467680829 4165
1467682252 4175
1467682284 4175
1467683153 4175
1467683945 4175
1467684719 4175
1467685926 4176
1467685947 4176
1467685953 4176
1467687488 4178
1467689260 4179
1467689331 4179
1467689755 4179
1467689939 4179
1467690112 4179
1467698142 4178
1467698158 4167
1467701469 4177
1467701990 4179
1467702152 4179
1467703797 4186
1467703832 4185
1467707153 4186
1467709947 4189
1467724446 4192
1467763565 4192
1467769163 4194
1467770091 4198
1467770112 4198
1467770823 4199
1467771524 4199
1467771531 4201
1467772008 4201
1467772226 4201
1467775784 4451
1467795659 4270
1467814085 4271
1467850281 4271
1467850926 4515
1467851074 4512
1467851142 4262
1467851366 4262
1467851956 4262
1467852439 4262
1467852527 4262
1467853665 4262
1467854870 4262
1467855674 4262
1467874625 4270
1467875008 4331
1467875031 4333
1467875052 4336
1467875057 4275
1467875303 4275
1467875706 4274
1468128600 4282
1468137190 4290
1468137285 4302
1468137614 4302
1468139234 4305
1468207449 4309
1468207464 4579
1468207695 4498
1468208837 4498
1468209259 4499
1468215084 4499
1468215814 4504
1468216702 4504
1468220973 4511
1468222699 4511
1468223487 4511
1468223924 4511
1468224113 4511
1468224358 4511
1468228058 4514
1468228668 4518
1468287745 4518
1468288003 4518
1468289883 4535
1468291176 4535
1468294536 4545
1468310278 4554
1468327307 4554
1468371460 4554
1468372638 4554
1468375739 4554
1468376977 4554
1468378663 4555
1468380304 4557
1468380831 4557
1468392050 4587
1468392108 4587
1468392399 4587
1468392409 4587
1468392823 4588
1468393614 4590
1468460640 4590
1468466194 4595
1468543331 4595
1468543542 4595
